   A  R  N  D  C  Q  E  G  H  I  L  K  M  F  P  S  T  W  Y  V
A  5 -2 -1 -2 -1 -1 -1  0 -2 -2 -2 -1 -1 -3 -1  1  0 -4 -2  0
R -2  6  0 -2 -4  1 -1 -3  0 -3 -3  2 -2 -3 -2 -1 -1 -3 -1 -3
N -1  0  6  1 -3  0  0 -1  1 -3 -4  0 -2 -4 -2  1  0 -4 -2 -3
D -2 -2  1  6 -4  0  2 -1 -1 -4 -5 -1 -4 -4 -1  0 -1 -6 -4 -4
C -1 -4 -3 -4  9 -4 -5 -3 -4 -2 -2 -4 -2 -3 -4 -1 -1 -3 -3 -1
Q -1  1  0  0 -4  6  2 -2  2 -3 -2  1  0 -4 -1 -1 -1 -2 -1 -3
E -1 -1  0  2 -5  2  6 -3  0 -4 -3  1 -2 -4 -1 -1 -1 -3 -2 -3
G  0 -3 -1 -1 -3 -2 -3  6 -2 -5 -4 -2 -3 -4 -2  0 -2 -3 -3 -4
H -2  0  1 -1 -4  2  0 -2  7 -3 -2 -1 -2 -2 -2 -1 -2 -2  2 -3
I -2 -3 -3 -4 -2 -3 -4 -5 -3  5  2 -3  2  1 -4 -3 -1 -3 -1  4
L -2 -3 -4 -5 -2 -2 -3 -4 -2  2  5 -3  3  2 -4 -3 -2 -2 -1  1
K -1  2  0 -1 -4  1  1 -2 -1 -3 -3  5 -2 -4 -1  0 -1 -3 -2 -3
M -1 -2 -2 -4 -2  0 -2 -3 -2  2  3 -2  7  0 -3 -2 -1 -1 -1  1
F -3 -3 -4 -4 -3 -4 -4 -4 -2  1  2 -4  0  8 -4 -3 -3  1  4 -1
P -1 -2 -2 -1 -4 -1 -1 -2 -2 -4 -4 -1 -3 -4  8 -1 -2 -5 -4 -3
S  1 -1  1  0 -1 -1 -1  0 -1 -3 -3  0 -2 -3 -1  5  2 -4 -2 -2
T  0 -1  0 -1 -1 -1 -1 -2 -2 -1 -2 -1 -1 -3 -2  2  5 -3 -2  0
W -4 -3 -4 -6 -3 -2 -3 -3 -2 -3 -2 -3 -1  1 -5 -4 -3 11  2 -3
Y -2 -1 -2 -4 -3 -1 -2 -3  2 -1 -1 -2 -1  4 -4 -2 -2  2  7 -1
V  0 -3 -3 -4 -1 -3 -3 -4 -3  4  1 -3  1 -1 -3 -2  0 -3 -1  5
